梁鹏潘    21060201150    86    90    88
游浩瀛    21060201041    90    92    80
廖荣杰    21060201051    86    84    89
安永松    21060201197    84    86    89
古福胜    21060201056    83    87    88
谢福城    21060201075    87    83    81
徐子博    21060201290    87    80    84
黄佳鹏    21060201102    86    84    80
冯永桂    21060201148    82    87    81
李程仙    21060201223    87    67    95
雷康友    21060201079    79    86    84
何鸿泰    21060201242    73    91    85
石昊林    21060201091    80    81    88
倪礼鑫    21060201292    86    84    79
丁甲康    21060201081    82    81    85
朱镇杰    21060201210    80    85    83
余育基    21060201012    78    86    81
骆文杰    21060201200    86    87    71
赵梓勇    21060201108    87    82    73
蔡海金    21060201275    80    70    90
梁宇光    21060201222    65    89    86
林文熙    21060201290    76    79    83
贺忆凡    21060201217    76    85    74
吴水强    21060201233    67    87    80
柯景田    21060201023    83    91    60
黄雅婷    21060201062    78    71    84
黄承庚    21060201040    65    96    72
朱骏文    21060201237    84    73    76
林胜晔    21060201198    66    77    88
崔轩逸    21060201154    79    76    73
刘志林    21060202004    78    75    72
张凌峰    21060201085    67    68    90
陈栩杰    21060201264    78    85    61
阮乾海    21060201160    78    75    71
蔡宏宇    21060201199    75    74    73
梁镓雄    21060201260    64    72    85
赖灼钦    21060201170    42    86    93
黄泽茂    21060201278    76    74    71
郑戈亮    21060201239    72    78    71
梁绮婷    21060201043    98    56    66
梁志弘    21060202001    75    71    73
邱志龙    21060201157    87    54    76
洪楚凡    21060201096    65    58    93
陈佳浩    21060201031    76    58    82
张摇摇    21060201001    89    78    45
付启航    21060201020    94    49    69
杨俊贤    21060201129    58    73    76
赖杰禹    21060201028    75    46    78
黄宝琳    21060201109    95    56    45
郑瑞权    21060201207    82    45    65
江秋湘    21060201268    88    47    56
罗开梽    21060501046    63    71    49
